EVAN Toolbox
Generalised Procrustes Analysis (GPA)

Date:	Thu Aug 6 2020
Time:	19:17:38

Number of individuals:	29
Number of landmarks:	90
Number of dimensions:	3

Procrustes mean shape:

-0.0370891	0.0809168	0.00516821
-0.034717	0.0518839	0.00596722
-0.0521889	-0.0175358	0.0172361
-0.00180488	-0.0738433	0.0482501
-0.000565233	-0.112158	0.0214665
-0.032869	0.118217	-0.0235168
-0.0277235	0.0370398	-0.0200652
-0.0348018	0.0273522	-0.0174175
-0.0471877	-0.00188504	-0.00972601
-0.0434745	-0.0440991	-0.0246256
-0.128549	0.0684348	0.0200903
-0.0778268	0.0089608	0.011547
-0.0774537	1.40221e-005	0.0125803
-0.0758568	-0.0363338	0.0123561
-0.0695694	-0.0705767	-0.00720701
-0.0614003	-0.0609867	0.0189487
-0.0718331	-0.045022	-0.0146638
-0.0506628	-0.0515669	0.000346685
-0.0616206	-0.0702302	0.00350488
-0.0424758	-0.0595769	-0.0291445
-0.0388962	-0.106877	-0.00450959
-0.0199939	-0.102487	0.0179172
-0.0732982	-0.105439	-0.0356553
-0.0558306	-0.110126	-0.039002
-0.0755097	-0.118637	-0.0191839
-0.0606188	-0.12819	-0.0263095
0.0345778	0.0819131	0.00517666
0.033354	0.0529167	0.00589278
0.051925	-0.0176044	0.0179509
0.00210038	-0.0741018	0.0482717
0.0028088	-0.111839	0.0216035
0.0305395	0.119398	-0.0240679
0.0267538	0.038702	-0.0199314
0.0338053	0.0284143	-0.0178342
0.0468247	-0.00149704	-0.0101916
0.0443916	-0.0424128	-0.0245323
0.126552	0.0711786	0.0184215
0.0765332	0.0109868	0.0114973
0.0765521	0.00205739	0.0125575
0.0757874	-0.0335874	0.0125524
0.0708017	-0.0680922	-0.0071786
0.0616075	-0.0585447	0.0194881
0.0721641	-0.0439401	-0.0145008
0.0509016	-0.0508921	0.000665265
0.0621161	-0.0680051	0.00472202
0.0481886	-0.0680003	0.0154665
0.0436625	-0.0576539	-0.0293107
0.0221648	-0.101777	0.0177753
0.0758553	-0.103406	-0.0353959
0.0579501	-0.109559	-0.0385275
0.0786703	-0.116035	-0.0186348
0.0642065	-0.126111	-0.0264383
-0.0474834	0.015594	0.00879174
-0.0503046	-0.0317542	0.0212965
-0.0451143	-0.0451967	0.026945
-0.0345347	-0.0603216	0.0351944
-0.0201443	-0.0710449	0.0426744
-0.0338144	0.129097	-0.0196919
-0.0380298	0.134554	-0.0141499
-0.0469285	0.138542	-0.00724988
-0.0627918	0.139368	-0.00207039
-0.0818192	0.137254	0.00240496
-0.0987789	0.130681	0.00694949
-0.112899	0.118995	0.0121303
-0.124126	0.104671	0.0168797
-0.130477	0.0893803	0.0196016
-0.0386451	0.0226949	-0.0144335
-0.043786	0.0125079	-0.0106267
-0.0475818	-0.0186985	-0.0138605
-0.0456202	-0.0318456	-0.0194723
-0.0438897	-0.0417667	-0.0236282
0.0460582	0.0185387	0.00849182
0.0504345	-0.029324	0.0211744
0.0448814	-0.0447317	0.0274727
0.0346448	-0.059662	0.0358139
0.0201664	-0.0706743	0.0431218
0.0310673	0.130728	-0.0198843
0.0351155	0.136059	-0.0137092
0.0450372	0.140007	-0.00703984
0.061492	0.140547	-0.00199335
0.0804777	0.138739	0.00189323
0.0974547	0.132321	0.00598162
0.111963	0.120368	0.0109177
0.122783	0.106519	0.0155312
0.128705	0.0917357	0.0180379
0.0379864	0.0237493	-0.0146696
0.0438013	0.0116729	-0.0106572
0.0472404	-0.0186443	-0.0146593
0.0457761	-0.0309875	-0.0199438
0.0447064	-0.0394301	-0.0234147

Procrustes distances:

	PT_0004182_M	PT_0003956_M	PT_0008548_M_SAC_LO	PT_0000845_F_SAC_LO	PT_0004387_F_SAC_LO	PT_0000867_F_SAC_LO	PT_0010280_F_SAC_LO	PT_0000452_M_SAC_LO	PT_0000660_M_SAC_LO	PT_0000496_F	PT_AS_1810_M_SAC_LO	PT_AS_1595_M	PT_0256973_M_SAC_LO	PT_0236971_F_SAC_LO	PT_0220062_F	PT_0008620_M_SAC_LO	PT_0006876_M	PT_0005920_M_SAC_LO	PT_0004002_F	PT_0004001_F	PT_0003105_M	PT_0003081_F	PT_0176227_F	PT_0010913_F	PT_0003990_F	PT_0220064_F	PT_0010824_F	PT_0220326_M	PT_0003991_F
PT_0004182_M	0	0.0720215	0.107772	0.142816	0.108063	0.106711	0.10859	0.119426	0.10519	0.12203	0.0702598	0.0754489	0.0845928	0.136275	0.112443	0.07183	0.0910128	0.0798527	0.0906517	0.174732	0.100495	0.0943343	0.117144	0.180042	0.0865109	0.108457	0.0950896	0.102441	0.110325
PT_0003956_M	0.0720215	0	0.0908198	0.130373	0.0792359	0.103123	0.0830468	0.110971	0.0905866	0.0884073	0.08155	0.0825835	0.0929037	0.123253	0.0869574	0.0743532	0.0775123	0.0851232	0.0686147	0.157903	0.0899508	0.0980049	0.0977993	0.160056	0.0763743	0.089821	0.0934468	0.105485	0.0977935
PT_0008548_M_SAC_LO	0.107772	0.0908198	0	0.0905384	0.110654	0.0965729	0.0762218	0.0755089	0.0677351	0.0881617	0.0820305	0.0804141	0.0991471	0.0923883	0.0940347	0.0912986	0.0835523	0.10602	0.0861741	0.122076	0.0934678	0.116663	0.0856382	0.117231	0.0992584	0.10562	0.132705	0.0987378	0.0814535
PT_0000845_F_SAC_LO	0.142816	0.130373	0.0905384	0	0.153351	0.119387	0.111445	0.0945707	0.103475	0.119193	0.11808	0.116208	0.121216	0.102379	0.128757	0.140502	0.129301	0.144617	0.12445	0.106007	0.131469	0.134395	0.103962	0.12792	0.140613	0.141286	0.162601	0.110917	0.115712
PT_0004387_F_SAC_LO	0.108063	0.0792359	0.110654	0.153351	0	0.123672	0.0879346	0.137486	0.0986691	0.0974507	0.10614	0.106559	0.128107	0.129334	0.10587	0.0854221	0.0949839	0.0916442	0.0805978	0.17247	0.114566	0.123315	0.113124	0.178612	0.0696903	0.116882	0.101694	0.130567	0.116175
PT_0000867_F_SAC_LO	0.106711	0.103123	0.0965729	0.119387	0.123672	0	0.091338	0.119642	0.113822	0.118663	0.0863287	0.099939	0.0880675	0.0938165	0.0712756	0.11168	0.0999053	0.0839836	0.0987911	0.11868	0.0712338	0.0684669	0.0795909	0.12372	0.104738	0.0839296	0.096199	0.0554632	0.0714639
PT_0010280_F_SAC_LO	0.10859	0.0830468	0.0762218	0.111445	0.0879346	0.091338	0	0.105154	0.071402	0.076307	0.0866219	0.0806971	0.111188	0.0938677	0.0753931	0.0899613	0.06957	0.0921375	0.0723068	0.130871	0.0859968	0.103037	0.0708372	0.12768	0.0809228	0.101627	0.109201	0.100348	0.0770637
PT_0000452_M_SAC_LO	0.119426	0.110971	0.0755089	0.0945707	0.137486	0.119642	0.105154	0	0.0920885	0.093212	0.0949531	0.0864355	0.100985	0.125416	0.12604	0.107639	0.110086	0.129993	0.107318	0.141543	0.114047	0.131925	0.109637	0.137321	0.121114	0.111479	0.139961	0.112707	0.119461
PT_0000660_M_SAC_LO	0.10519	0.0905866	0.0677351	0.103475	0.0986691	0.113822	0.071402	0.0920885	0	0.0854962	0.0925857	0.0843876	0.115714	0.0943726	0.103524	0.0837898	0.0754604	0.106995	0.0787074	0.135815	0.104342	0.120024	0.0938892	0.137161	0.0882949	0.117127	0.131494	0.112795	0.0974303
PT_0000496_F	0.12203	0.0884073	0.0881617	0.119193	0.0974507	0.118663	0.076307	0.093212	0.0854962	0	0.105824	0.0922103	0.11858	0.123179	0.109656	0.105703	0.0890709	0.114372	0.084569	0.155038	0.102562	0.12376	0.0845682	0.152461	0.0980151	0.103385	0.115443	0.122846	0.112933
PT_AS_1810_M_SAC_LO	0.0702598	0.08155	0.0820305	0.11808	0.10614	0.0863287	0.0866219	0.0949531	0.0925857	0.105824	0	0.0626737	0.0695809	0.105097	0.0974698	0.0765439	0.0813485	0.0674237	0.0885109	0.146863	0.0853236	0.0930234	0.09925	0.14489	0.085464	0.10141	0.098941	0.0784991	0.0874243
PT_AS_1595_M	0.0754489	0.0825835	0.0804141	0.116208	0.106559	0.099939	0.0806971	0.0864355	0.0843876	0.0922103	0.0626737	0	0.0876356	0.116476	0.0982236	0.0669105	0.0712679	0.0890618	0.075703	0.149113	0.0855198	0.0971322	0.0936257	0.152231	0.0822616	0.103596	0.103675	0.0978144	0.0973033
PT_0256973_M_SAC_LO	0.0845928	0.0929037	0.0991471	0.121216	0.128107	0.0880675	0.111188	0.100985	0.115714	0.11858	0.0695809	0.0876356	0	0.119111	0.105147	0.0945551	0.098495	0.0945069	0.0964603	0.148861	0.0892912	0.084866	0.110912	0.154332	0.111504	0.104223	0.101225	0.0830999	0.104383
PT_0236971_F_SAC_LO	0.136275	0.123253	0.0923883	0.102379	0.129334	0.0938165	0.0938677	0.125416	0.0943726	0.123179	0.105097	0.116476	0.119111	0	0.0992951	0.122552	0.101219	0.110709	0.109059	0.0951978	0.107811	0.113579	0.0906587	0.105943	0.12006	0.129102	0.137813	0.0992412	0.0843132
PT_0220062_F	0.112443	0.0869574	0.0940347	0.128757	0.10587	0.0712756	0.0753931	0.12604	0.103524	0.109656	0.0974698	0.0982236	0.105147	0.0992951	0	0.0995177	0.0872546	0.094629	0.0766039	0.122238	0.0746171	0.0780061	0.0810936	0.118404	0.0936156	0.080234	0.106023	0.0832702	0.0672637
PT_0008620_M_SAC_LO	0.07183	0.0743532	0.0912986	0.140502	0.0854221	0.11168	0.0899613	0.107639	0.0837898	0.105703	0.0765439	0.0669105	0.0945551	0.122552	0.0995177	0	0.0682773	0.0822749	0.0607725	0.165552	0.0934122	0.103559	0.110948	0.167165	0.0671203	0.107113	0.0995643	0.113822	0.102991
PT_0006876_M	0.0910128	0.0775123	0.0835523	0.129301	0.0949839	0.0999053	0.06957	0.110086	0.0754604	0.0890709	0.0813485	0.0712679	0.098495	0.101219	0.0872546	0.0682773	0	0.0794874	0.0622572	0.150802	0.0824848	0.095775	0.0858646	0.149451	0.079591	0.102493	0.0970518	0.100802	0.0888566
PT_0005920_M_SAC_LO	0.0798527	0.0851232	0.10602	0.144617	0.0916442	0.0839836	0.0921375	0.129993	0.106995	0.114372	0.0674237	0.0890618	0.0945069	0.110709	0.094629	0.0822749	0.0794874	0	0.0898519	0.158928	0.0843036	0.0799234	0.100822	0.164134	0.0775757	0.106146	0.0783303	0.0851887	0.0965237
PT_0004002_F	0.0906517	0.0686147	0.0861741	0.12445	0.0805978	0.0987911	0.0723068	0.107318	0.0787074	0.084569	0.0885109	0.075703	0.0964603	0.109059	0.0766039	0.0607725	0.0622572	0.0898519	0	0.140974	0.0842853	0.0867631	0.0871835	0.146814	0.0657395	0.0903124	0.0916787	0.103449	0.0850644
PT_0004001_F	0.174732	0.157903	0.122076	0.106007	0.17247	0.11868	0.130871	0.141543	0.135815	0.155038	0.146863	0.149113	0.148861	0.0951978	0.122238	0.165552	0.150802	0.158928	0.140974	0	0.141175	0.137225	0.117391	0.0938249	0.156651	0.149338	0.179839	0.121704	0.105857
PT_0003105_M	0.100495	0.0899508	0.0934678	0.131469	0.114566	0.0712338	0.0859968	0.114047	0.104342	0.102562	0.0853236	0.0855198	0.0892912	0.107811	0.0746171	0.0934122	0.0824848	0.0843036	0.0842853	0.141175	0	0.0703568	0.0870986	0.133657	0.0887846	0.0924207	0.0986493	0.0762532	0.0861216
PT_0003081_F	0.0943343	0.0980049	0.116663	0.134395	0.123315	0.0684669	0.103037	0.131925	0.120024	0.12376	0.0930234	0.0971322	0.084866	0.113579	0.0780061	0.103559	0.095775	0.0799234	0.0867631	0.137225	0.0703568	0	0.0968702	0.148888	0.0938332	0.0957842	0.0892352	0.0734385	0.0923506
PT_0176227_F	0.117144	0.0977993	0.0856382	0.103962	0.113124	0.0795909	0.0708372	0.109637	0.0938892	0.0845682	0.09925	0.0936257	0.110912	0.0906587	0.0810936	0.110948	0.0858646	0.100822	0.0871835	0.117391	0.0870986	0.0968702	0	0.122393	0.101612	0.0890228	0.112053	0.0854932	0.0766371
PT_0010913_F	0.180042	0.160056	0.117231	0.12792	0.178612	0.12372	0.12768	0.137321	0.137161	0.152461	0.14489	0.152231	0.154332	0.105943	0.118404	0.167165	0.149451	0.164134	0.146814	0.0938249	0.133657	0.148888	0.122393	0	0.15873	0.135747	0.181648	0.12808	0.102784
PT_0003990_F	0.0865109	0.0763743	0.0992584	0.140613	0.0696903	0.104738	0.0809228	0.121114	0.0882949	0.0980151	0.085464	0.0822616	0.111504	0.12006	0.0936156	0.0671203	0.079591	0.0775757	0.0657395	0.156651	0.0887846	0.0938332	0.101612	0.15873	0	0.104548	0.0921834	0.106346	0.0951817
PT_0220064_F	0.108457	0.089821	0.10562	0.141286	0.116882	0.0839296	0.101627	0.111479	0.117127	0.103385	0.10141	0.103596	0.104223	0.129102	0.080234	0.107113	0.102493	0.106146	0.0903124	0.149338	0.0924207	0.0957842	0.0890228	0.135747	0.104548	0	0.0920245	0.0950703	0.0909154
PT_0010824_F	0.0950896	0.0934468	0.132705	0.162601	0.101694	0.096199	0.109201	0.139961	0.131494	0.115443	0.098941	0.103675	0.101225	0.137813	0.106023	0.0995643	0.0970518	0.0783303	0.0916787	0.179839	0.0986493	0.0892352	0.112053	0.181648	0.0921834	0.0920245	0	0.107443	0.117845
PT_0220326_M	0.102441	0.105485	0.0987378	0.110917	0.130567	0.0554632	0.100348	0.112707	0.112795	0.122846	0.0784991	0.0978144	0.0830999	0.0992412	0.0832702	0.113822	0.100802	0.0851887	0.103449	0.121704	0.0762532	0.0734385	0.0854932	0.12808	0.106346	0.0950703	0.107443	0	0.0798801
PT_0003991_F	0.110325	0.0977935	0.0814535	0.115712	0.116175	0.0714639	0.0770637	0.119461	0.0974303	0.112933	0.0874243	0.0973033	0.104383	0.0843132	0.0672637	0.102991	0.0888566	0.0965237	0.0850644	0.105857	0.0861216	0.0923506	0.0766371	0.102784	0.0951817	0.0909154	0.117845	0.0798801	0

	Centroid Sizes	Natural Log of Centroid Sizes
PT_0004182_M	1039.62	6.94661
PT_0003956_M	908.158	6.81142
PT_0008548_M_SAC_LO	978.373	6.88589
PT_0000845_F_SAC_LO	1026.46	6.93388
PT_0004387_F_SAC_LO	887.812	6.78876
PT_0000867_F_SAC_LO	1068.99	6.97447
PT_0010280_F_SAC_LO	971.397	6.87873
PT_0000452_M_SAC_LO	1059.12	6.9652
PT_0000660_M_SAC_LO	961.464	6.86846
PT_0000496_F	964.08	6.87117
PT_AS_1810_M_SAC_LO	938.813	6.84462
PT_AS_1595_M	898.374	6.80059
PT_0256973_M_SAC_LO	865.227	6.76299
PT_0236971_F_SAC_LO	861.915	6.75916
PT_0220062_F	971.91	6.87926
PT_0008620_M_SAC_LO	1045.62	6.95236
PT_0006876_M	907.789	6.81101
PT_0005920_M_SAC_LO	961.972	6.86899
PT_0004002_F	1016.39	6.92401
PT_0004001_F	1013.64	6.92131
PT_0003105_M	977.11	6.8846
PT_0003081_F	959.465	6.86638
PT_0176227_F	892.983	6.79457
PT_0010913_F	902.633	6.80532
PT_0003990_F	1005.2	6.91294
PT_0220064_F	967.739	6.87496
PT_0010824_F	1043.77	6.95059
PT_0220326_M	977.786	6.88529
PT_0003991_F	1015.21	6.92285
